11
0 0.000000 0.560311 0.620751 0.629964 0.636684 0.597536 0.600398 0.655536 
0.638219 0.656475 1.0 
1 0.560311 0.000000 0.633267 0.642578 0.625490 0.632990 0.614108 0.665347 
0.661448 0.696970 1.0 
2 0.620751 0.633267 0.000000 0.650558 0.654412 0.458418 0.500000 0.685558 
0.653920 0.686347 1.0 
3 0.629964 0.642578 0.650558 0.000000 0.344203 0.642562 0.604418 0.651934 
0.304833 0.661017 1.0 
4 0.636684 0.625490 0.654412 0.344203 0.000000 0.631470 0.597194 0.635379 
0.373832 0.661111 1.0 
5 0.597536 0.632990 0.458418 0.642562 0.631470 0.000000 0.458078 0.638075 
0.624742 0.650000 1.0 
6 0.600398 0.614108 0.500000 0.604418 0.597194 0.458078 0.000000 0.651116 
0.628743 0.624242 1.0 
7 0.655536 0.665347 0.685558 0.651934 0.635379 0.638075 0.651116 0.000000 
0.638418 0.509769 1.0 
8 0.638219 0.661448 0.653920 0.304833 0.373832 0.624742 0.628743 0.638418 
0.000000 0.642447 1.0 
9 0.656475 0.696970 0.686347 0.661017 0.661111 0.650000 0.624242 0.509769 
0.642447 0.000000 1.0 
fictive_sequence 1.0 1.0 1.0 1.0 1.0 1.0 1.0 1.0 
1.0 1.0 0.0 
